300,410,0,400,595
300,410,0,400,592
300,410,0,400,572
300,410,0,400,551
300,410,0,400,531
94,409,0,400,511
80,409,0,400,491
69,408,0,400,470
67,407,0,400,449
61,406,0,400,428
59,405,0,400,406
49,404,0,400,386
54,403,0,400,364
54,402,0,400,343
54,401,0,400,322
53,400,0,400,301
54,400,0,400,281
53,400,0,400,261
56,400,0,400,241
56,400,0,400,220
56,400,0,400,200
56,400,0,400,180
57,400,0,400,160
58,400,0,400,140
61,400,0,400,120
67,400,0,400,106
300,400,0,400,90
300,400,0,400,80
300,400,0,400,76
300,400,0,400,72
300,400,0,400,70