300,415,0,400,595
300,415,0,400,592
300,414,0,400,572
300,413,0,400,551
300,412,0,400,531
97,410,0,400,515
84,409,0,400,486
80,408,0,400,470
75,407,0,400,449
70,406,0,400,428
64,405,0,400,406
55,404,0,400,386
59,403,0,400,364
60,402,0,400,343
61,401,0,400,322
60,400,0,400,301
60,400,0,400,281
60,400,0,400,261
59,400,0,400,241
61,400,0,400,220
62,400,0,400,200
67,400,0,400,190
75,400,0,400,175
83,400,0,400,170
86,400,0,400,169
300,400,0,400,160
300,400,0,400,150
300,400,0,400,145
300,400,0,400,140
300,400,0,400,140
300,400,0,400,140