300,410,0,400,595
300,410,0,400,592
300,410,0,400,572
300,410,0,400,551
300,410,0,400,531
94,409,0,400,511
85,409,0,400,491
74,408,0,400,470
67,407,0,400,449
64,406,0,400,428
58,405,0,400,406
55,404,0,400,386
55,404,0,400,386
54,403,0,400,364
54,402,0,400,343
54,401,0,400,322
53,400,0,400,301
54,400,0,400,281
55,400,0,400,261
56,400,0,400,241
56,400,0,400,220
56,400,0,400,200
56,400,0,400,180
57,400,0,400,160
60,400,0,400,140
69,400,0,400,124
88,400,0,400,118
300,400,0,400,110
300,400,0,400,100
300,400,0,400,95
300,400,0,400,90
300,400,0,400,85